<shapes type=list>
	<scaling type=logical names=FALSE length=1 as.numeric=FALSE >NA</scaling>
	<landmarks.pixel type=matrix rownames=TRUE colnames=FALSE nrow=9 ncol=2 as.numeric=TRUE >
		1	17	73
		2	8	364
		3	131	56
		4	165	259
		5	104	310
		6	139	387
		7	21	426
		8	109	16
		9	30	31
	</landmarks.pixel>
	<curves.control type=list>
		<1to2 type=matrix rownames=FALSE colnames=FALSE nrow=5 ncol=2 as.numeric=TRUE >
			17	73
			38	103
			41	152
			40	351
			8	364
		</1to2>
		<3to4 type=matrix rownames=FALSE colnames=FALSE nrow=5 ncol=2 as.numeric=TRUE >
			131	56
			105	96
			108	176
			118	262
			165	259
		</3to4>
	</curves.control>
	<curves.pixel type=list>
		<1to2 type=matrix rownames=FALSE colnames=FALSE nrow=299 ncol=2 as.numeric=TRUE >
			17	73
			18	74
			18	75
			19	75
			19	76
			20	77
			20	78
			21	79
			21	80
			22	80
			22	81
			23	82
			23	83
			24	84
			24	85
			25	86
			25	87
			26	87
			26	88
			26	89
			27	90
			27	91
			28	92
			28	93
			29	94
			29	95
			29	96
			30	97
			30	98
			30	99
			31	100
			31	101
			32	102
			32	103
			32	104
			33	105
			33	106
			33	107
			34	108
			34	109
			34	110
			34	111
			35	112
			35	113
			35	114
			36	115
			36	116
			36	117
			36	118
			37	119
			37	120
			37	121
			37	122
			37	123
			38	124
			38	125
			38	126
			38	127
			38	128
			38	129
			39	130
			39	131
			39	132
			39	133
			39	134
			39	135
			40	136
			40	137
			40	138
			40	139
			40	140
			40	141
			40	142
			40	143
			40	144
			40	145
			41	146
			41	147
			41	148
			41	149
			41	150
			41	151
			41	152
			41	153
			41	154
			41	155
			41	156
			41	157
			41	158
			41	159
			41	160
			41	161
			41	162
			41	163
			41	164
			41	165
			41	166
			41	167
			41	168
			41	169
			41	170
			41	171
			41	172
			41	173
			41	174
			41	175
			41	176
			41	177
			41	178
			41	179
			41	180
			41	181
			41	182
			41	183
			41	184
			41	185
			41	186
			41	187
			41	188
			41	189
			40	190
			40	191
			40	192
			40	193
			40	194
			40	195
			40	196
			40	197
			40	198
			40	199
			40	200
			40	201
			40	202
			40	203
			40	204
			40	205
			40	206
			40	207
			40	208
			40	209
			40	210
			40	211
			40	212
			40	213
			40	214
			40	215
			40	216
			40	217
			40	218
			40	219
			40	220
			40	221
			39	221
			39	222
			39	223
			39	224
			39	225
			39	226
			39	227
			39	228
			39	229
			39	230
			39	231
			39	232
			39	233
			39	234
			39	235
			39	236
			39	237
			39	238
			39	239
			39	240
			38	241
			38	242
			38	243
			38	244
			38	245
			38	246
			38	247
			38	248
			38	249
			38	250
			38	251
			38	252
			38	253
			38	254
			38	255
			38	256
			37	257
			37	258
			37	259
			37	260
			37	261
			37	262
			37	263
			37	264
			37	265
			37	266
			37	267
			37	268
			36	269
			36	270
			36	271
			36	272
			36	273
			36	274
			36	275
			36	276
			36	277
			36	278
			35	279
			35	280
			35	281
			35	282
			35	283
			35	284
			35	285
			35	286
			35	287
			34	288
			34	289
			34	290
			34	291
			34	292
			34	293
			34	294
			34	295
			33	296
			33	297
			33	298
			33	299
			33	300
			33	301
			33	302
			32	303
			32	304
			32	305
			32	306
			32	307
			32	308
			31	309
			31	310
			31	311
			31	312
			31	313
			31	314
			30	315
			30	316
			30	317
			30	318
			30	319
			30	320
			29	320
			29	321
			29	322
			29	323
			29	324
			28	325
			28	326
			28	327
			28	328
			27	329
			27	330
			27	331
			27	332
			26	333
			26	334
			26	335
			25	336
			25	337
			25	338
			25	339
			24	340
			24	341
			23	342
			23	343
			23	344
			22	345
			22	346
			22	347
			21	348
			21	349
			20	349
			20	350
			20	351
			19	352
			19	353
			18	354
			17	355
			17	356
			16	357
			15	358
			14	359
			13	360
			12	361
			11	362
			10	363
			9	364
			8	364
		</1to2>
		<3to4 type=matrix rownames=FALSE colnames=FALSE nrow=230 ncol=2 as.numeric=TRUE >
			131	56
			131	57
			130	57
			130	58
			129	59
			128	60
			128	61
			127	62
			127	63
			126	64
			126	65
			125	66
			125	67
			124	68
			124	69
			123	70
			123	71
			123	72
			122	73
			121	74
			121	75
			121	76
			120	77
			120	78
			120	79
			119	80
			119	81
			118	82
			118	83
			118	84
			118	85
			117	86
			117	87
			117	88
			116	89
			116	90
			116	91
			115	92
			115	93
			115	94
			115	95
			114	96
			114	97
			114	98
			114	99
			113	100
			113	101
			113	102
			113	103
			113	104
			112	105
			112	106
			112	107
			112	108
			112	109
			112	110
			111	110
			111	111
			111	112
			111	113
			111	114
			111	115
			111	116
			110	117
			110	118
			110	119
			110	120
			110	121
			110	122
			110	123
			110	124
			109	125
			109	126
			109	127
			109	128
			109	129
			109	130
			109	131
			109	132
			109	133
			109	134
			109	135
			108	136
			108	137
			108	138
			108	139
			108	140
			108	141
			108	142
			108	143
			108	144
			108	145
			108	146
			108	147
			108	148
			108	149
			108	150
			108	151
			108	152
			108	153
			108	154
			108	155
			108	156
			108	157
			108	158
			108	159
			108	160
			108	161
			108	162
			108	163
			108	164
			108	165
			108	166
			108	167
			108	168
			108	169
			108	170
			108	171
			108	172
			108	173
			108	174
			108	175
			108	176
			108	177
			108	178
			108	179
			108	180
			109	181
			109	182
			109	183
			109	184
			109	185
			109	186
			109	187
			110	188
			110	189
			110	190
			110	191
			110	192
			110	193
			111	194
			111	195
			111	196
			111	197
			112	198
			112	199
			112	200
			112	201
			112	202
			113	203
			113	204
			113	205
			113	206
			114	207
			114	208
			114	209
			114	210
			115	211
			115	212
			115	213
			116	214
			116	215
			116	216
			116	217
			117	218
			117	219
			117	220
			118	221
			118	222
			119	223
			119	224
			120	225
			120	226
			120	227
			121	228
			121	229
			122	230
			122	231
			123	232
			123	233
			124	234
			124	235
			125	235
			125	236
			125	237
			126	238
			126	239
			127	239
			128	240
			128	241
			129	242
			130	243
			131	244
			131	245
			132	246
			133	247
			134	247
			134	248
			135	249
			136	249
			136	250
			137	251
			138	251
			139	252
			140	253
			141	253
			142	254
			143	255
			144	255
			145	256
			146	256
			147	256
			148	257
			149	257
			150	258
			151	258
			152	258
			153	258
			154	258
			155	259
			156	259
			157	259
			158	259
			159	259
			160	259
			161	259
			162	259
			163	259
			164	259
			165	259
		</3to4>
	</curves.pixel>
</shapes>

