<shapes type=list>
	<scaling type=logical names=FALSE length=1 as.numeric=FALSE >NA</scaling>
	<landmarks.pixel type=matrix rownames=TRUE colnames=FALSE nrow=9 ncol=2 as.numeric=TRUE >
		1	34	102
		2	17	353
		3	152	81
		4	199	261
		5	97	290
		6	159	396
		7	16	393
		8	140	35
		9	69	32
	</landmarks.pixel>
	<curves.control type=list>
		<1to2 type=matrix rownames=FALSE colnames=FALSE nrow=5 ncol=2 as.numeric=TRUE >
			34	102
			42	140
			51	182
			53	264
			17	353
		</1to2>
		<3to4 type=matrix rownames=FALSE colnames=FALSE nrow=5 ncol=2 as.numeric=TRUE >
			152	81
			129	109
			127	183
			132	241
			199	261
		</3to4>
	</curves.control>
	<curves.pixel type=list>
		<1to2 type=matrix rownames=FALSE colnames=FALSE nrow=254 ncol=2 as.numeric=TRUE >
			34	102
			34	103
			34	104
			35	105
			35	106
			35	107
			35	108
			35	109
			36	109
			36	110
			36	111
			36	112
			36	113
			37	114
			37	115
			37	116
			37	117
			37	118
			38	119
			38	120
			38	121
			38	122
			38	123
			39	124
			39	125
			39	126
			39	127
			39	128
			40	129
			40	130
			40	131
			40	132
			41	133
			41	134
			41	135
			41	136
			41	137
			42	138
			42	139
			42	140
			42	141
			43	142
			43	143
			43	144
			43	145
			43	146
			44	147
			44	148
			44	149
			44	150
			44	151
			45	152
			45	153
			45	154
			45	155
			45	156
			46	157
			46	158
			46	159
			46	160
			46	161
			47	162
			47	163
			47	164
			47	165
			48	166
			48	167
			48	168
			48	169
			48	170
			49	171
			49	172
			49	173
			49	174
			49	175
			50	176
			50	177
			50	178
			50	179
			51	180
			51	181
			51	182
			51	183
			51	184
			51	185
			51	186
			51	187
			51	188
			51	189
			51	190
			51	191
			51	192
			51	193
			51	194
			51	195
			51	196
			51	197
			51	198
			51	199
			51	200
			51	201
			51	202
			51	203
			51	204
			51	205
			51	206
			51	207
			51	208
			51	209
			51	210
			51	211
			50	212
			50	213
			50	214
			50	215
			50	216
			50	217
			50	218
			50	219
			50	220
			50	221
			50	222
			50	223
			50	224
			49	225
			49	226
			49	227
			49	228
			49	229
			49	230
			49	231
			49	232
			49	233
			49	234
			48	235
			48	236
			48	237
			48	238
			48	239
			48	240
			48	241
			47	242
			47	243
			47	244
			47	245
			47	246
			47	247
			47	248
			46	249
			46	250
			46	251
			46	252
			46	253
			46	254
			45	255
			45	256
			45	257
			45	258
			45	259
			45	260
			44	261
			44	262
			44	263
			44	264
			44	265
			43	266
			43	267
			43	268
			43	269
			43	270
			42	271
			42	272
			42	273
			42	274
			42	275
			41	276
			41	277
			41	278
			41	279
			40	280
			40	281
			40	282
			40	283
			39	284
			39	285
			39	286
			39	287
			38	288
			38	289
			38	290
			38	291
			37	292
			37	293
			37	294
			37	295
			36	296
			36	297
			36	298
			36	299
			35	300
			35	301
			35	302
			34	303
			34	304
			34	305
			34	306
			33	307
			33	308
			33	309
			32	310
			32	311
			32	312
			31	313
			31	314
			31	315
			30	316
			30	317
			30	318
			29	319
			29	320
			29	321
			28	322
			28	323
			28	324
			27	325
			27	326
			27	327
			26	328
			26	329
			26	330
			25	331
			25	332
			24	333
			24	334
			24	335
			23	336
			23	337
			23	338
			23	339
			22	339
			22	340
			22	341
			21	342
			21	343
			20	344
			20	345
			20	346
			19	347
			19	348
			19	349
			18	350
			18	351
			17	352
			17	353
		</1to2>
		<3to4 type=matrix rownames=FALSE colnames=FALSE nrow=208 ncol=2 as.numeric=TRUE >
			152	81
			152	82
			151	82
			151	83
			150	83
			150	84
			149	85
			148	86
			148	87
			147	88
			146	89
			146	90
			145	91
			145	92
			144	93
			144	94
			143	95
			143	96
			142	97
			142	98
			141	99
			141	100
			140	101
			140	102
			140	103
			139	104
			139	105
			139	106
			138	107
			138	108
			137	109
			137	110
			137	111
			136	112
			136	113
			136	114
			136	115
			135	116
			135	117
			135	118
			135	119
			134	120
			134	121
			134	122
			134	123
			133	124
			133	125
			133	126
			133	127
			133	128
			132	129
			132	130
			132	131
			132	132
			132	133
			132	134
			131	134
			131	135
			131	136
			131	137
			131	138
			131	139
			130	140
			130	141
			130	142
			130	143
			130	144
			130	145
			130	146
			129	147
			129	148
			129	149
			129	150
			129	151
			129	152
			129	153
			129	154
			129	155
			129	156
			128	157
			128	158
			128	159
			128	160
			128	161
			128	162
			128	163
			128	164
			128	165
			128	166
			128	167
			128	168
			128	169
			128	170
			127	171
			127	172
			127	173
			127	174
			127	175
			127	176
			127	177
			127	178
			127	179
			127	180
			127	181
			127	182
			127	183
			127	184
			127	185
			127	186
			127	187
			128	188
			128	189
			128	190
			128	191
			128	192
			128	193
			129	194
			129	195
			129	196
			129	197
			129	198
			130	198
			130	199
			130	200
			130	201
			131	202
			131	203
			131	204
			132	205
			132	206
			132	207
			133	208
			133	209
			134	210
			134	211
			135	212
			135	213
			136	214
			136	215
			137	216
			137	217
			138	218
			138	219
			139	220
			139	221
			140	222
			141	223
			141	224
			142	225
			143	226
			144	227
			145	228
			146	229
			146	230
			147	231
			148	232
			149	233
			150	234
			151	235
			152	236
			153	237
			154	238
			155	239
			156	240
			157	241
			158	241
			159	242
			160	243
			161	244
			162	244
			163	245
			164	245
			165	246
			166	246
			167	247
			168	248
			169	248
			169	249
			170	249
			171	250
			172	250
			173	251
			174	251
			175	252
			176	252
			177	253
			178	253
			179	254
			180	254
			181	255
			182	255
			183	255
			184	256
			185	256
			186	257
			187	257
			188	257
			189	258
			190	258
			191	258
			192	259
			193	259
			194	260
			195	260
			196	260
			197	260
			198	261
			199	261
		</3to4>
	</curves.pixel>
</shapes>

