<shapes type=list>
	<scaling type=logical names=FALSE length=1 as.numeric=FALSE >NA</scaling>
	<landmarks.pixel type=matrix rownames=TRUE colnames=FALSE nrow=9 ncol=2 as.numeric=TRUE >
		1	51	72
		2	24	306
		3	171	58
		4	197	261
		5	117	251
		6	145	375
		7	26	347
		8	138	28
		9	68	31
	</landmarks.pixel>
	<curves.control type=list>
		<1to2 type=matrix rownames=FALSE colnames=FALSE nrow=5 ncol=2 as.numeric=TRUE >
			51	72
			80	120
			73	184
			58	251
			24	306
		</1to2>
		<3to4 type=matrix rownames=FALSE colnames=FALSE nrow=5 ncol=2 as.numeric=TRUE >
			171	58
			134	83
			132	180
			130	251
			197	261
		</3to4>
	</curves.control>
	<curves.pixel type=list>
		<1to2 type=matrix rownames=FALSE colnames=FALSE nrow=244 ncol=2 as.numeric=TRUE >
			51	72
			51	73
			52	74
			53	75
			53	76
			54	77
			54	78
			55	79
			55	80
			56	81
			56	82
			57	83
			57	84
			58	85
			58	86
			59	87
			59	88
			60	89
			60	90
			61	90
			61	91
			61	92
			62	93
			62	94
			63	95
			63	96
			63	97
			64	98
			64	99
			65	100
			65	101
			65	102
			65	103
			66	104
			66	105
			66	106
			67	107
			67	108
			67	109
			68	110
			68	111
			68	112
			68	113
			69	114
			69	115
			69	116
			69	117
			70	118
			70	119
			70	120
			70	121
			71	122
			71	123
			71	124
			71	125
			71	126
			72	127
			72	128
			72	129
			72	130
			72	131
			72	132
			73	133
			73	134
			73	135
			73	136
			73	137
			73	138
			73	139
			73	140
			73	141
			74	142
			74	143
			74	144
			74	145
			74	146
			74	147
			74	148
			74	149
			74	150
			74	151
			74	152
			74	153
			74	154
			74	155
			74	156
			74	157
			74	158
			74	159
			74	160
			74	161
			74	162
			74	163
			74	164
			74	165
			74	166
			74	167
			74	168
			74	169
			74	170
			74	171
			74	172
			74	173
			74	174
			74	175
			74	176
			74	177
			74	178
			74	179
			73	180
			73	181
			73	182
			73	183
			73	184
			73	185
			72	186
			72	187
			72	188
			72	189
			72	190
			71	191
			71	192
			71	193
			71	194
			70	195
			70	196
			70	197
			70	198
			69	199
			69	200
			69	201
			69	202
			68	203
			68	204
			68	205
			67	206
			67	207
			67	208
			67	209
			66	210
			66	211
			66	212
			66	213
			65	213
			65	214
			65	215
			65	216
			64	217
			64	218
			64	219
			63	219
			63	220
			63	221
			63	222
			62	223
			62	224
			62	225
			61	226
			61	227
			61	228
			60	229
			60	230
			60	231
			59	232
			59	233
			58	234
			58	235
			58	236
			57	237
			57	238
			57	239
			56	240
			56	241
			56	242
			55	243
			55	244
			54	245
			54	246
			54	247
			53	248
			53	249
			52	250
			52	251
			52	252
			51	253
			51	254
			50	255
			50	256
			50	257
			49	258
			49	259
			48	260
			48	261
			47	262
			47	263
			47	264
			46	265
			46	266
			45	267
			44	268
			44	269
			44	270
			43	270
			43	271
			43	272
			42	272
			42	273
			42	274
			41	275
			41	276
			40	277
			40	278
			39	279
			39	280
			38	280
			38	281
			38	282
			37	283
			37	284
			36	284
			36	285
			36	286
			35	287
			35	288
			34	288
			34	289
			33	290
			33	291
			32	292
			32	293
			31	294
			31	295
			30	296
			29	297
			29	298
			28	299
			28	300
			27	301
			27	302
			26	302
			26	303
			25	304
			24	305
			24	306
		</1to2>
		<3to4 type=matrix rownames=FALSE colnames=FALSE nrow=240 ncol=2 as.numeric=TRUE >
			171	58
			170	58
			170	59
			169	59
			169	60
			168	60
			168	61
			167	61
			166	62
			165	62
			165	63
			164	64
			163	64
			163	65
			162	66
			161	66
			161	67
			160	68
			159	69
			158	70
			158	71
			157	72
			156	73
			156	74
			155	75
			154	76
			154	77
			153	78
			152	79
			152	80
			151	81
			151	82
			150	83
			149	84
			149	85
			149	86
			148	87
			148	88
			147	89
			147	90
			146	91
			146	92
			146	93
			145	94
			145	95
			144	96
			144	97
			144	98
			143	99
			143	100
			143	101
			142	102
			142	103
			142	104
			141	105
			141	106
			141	107
			141	108
			140	109
			140	110
			140	111
			140	112
			139	113
			139	114
			139	115
			139	116
			139	117
			138	118
			138	119
			138	120
			138	121
			137	122
			137	123
			137	124
			137	125
			137	126
			137	127
			136	128
			136	129
			136	130
			136	131
			136	132
			136	133
			135	134
			135	135
			135	136
			135	137
			135	138
			135	139
			135	140
			135	141
			134	142
			134	143
			134	144
			134	145
			134	146
			134	147
			134	148
			134	149
			134	150
			133	151
			133	152
			133	153
			133	154
			133	155
			133	156
			133	157
			133	158
			133	159
			133	160
			133	161
			133	162
			133	163
			133	164
			133	165
			132	166
			132	167
			132	168
			132	169
			132	170
			132	171
			132	172
			132	173
			132	174
			132	175
			132	176
			132	177
			132	178
			132	179
			132	180
			132	181
			132	182
			132	183
			132	184
			132	185
			132	186
			132	187
			132	188
			132	189
			132	190
			132	191
			132	192
			132	193
			132	194
			132	195
			133	196
			133	197
			133	198
			133	199
			133	200
			133	201
			133	202
			133	203
			134	204
			134	205
			134	206
			134	207
			134	208
			135	209
			135	210
			135	211
			136	212
			136	213
			136	214
			136	215
			137	216
			137	217
			138	218
			138	219
			138	220
			138	221
			139	221
			139	222
			139	223
			140	224
			140	225
			141	226
			142	227
			142	228
			142	229
			143	229
			143	230
			144	231
			144	232
			145	232
			145	233
			146	234
			147	235
			148	236
			149	237
			149	238
			150	239
			151	240
			152	241
			153	242
			154	243
			155	244
			156	244
			157	245
			158	246
			159	247
			160	247
			161	248
			162	249
			163	249
			164	250
			165	251
			166	251
			167	252
			168	252
			169	253
			170	253
			171	254
			172	254
			173	255
			174	255
			175	255
			176	256
			177	256
			178	257
			179	257
			180	257
			181	257
			182	258
			183	258
			184	258
			185	258
			185	259
			186	259
			187	259
			188	259
			189	260
			190	260
			191	260
			192	260
			193	260
			194	260
			195	261
			196	261
			197	261
		</3to4>
	</curves.pixel>
</shapes>

