<shapes type=list>
	<scaling type=logical names=FALSE length=1 as.numeric=FALSE >NA</scaling>
	<landmarks.pixel type=matrix rownames=TRUE colnames=FALSE nrow=9 ncol=2 as.numeric=TRUE >
		1	49	83
		2	34	314
		3	154	84
		4	184	262
		5	110	268
		6	144	362
		7	17	354
		8	145	38
		9	69	41
	</landmarks.pixel>
	<curves.control type=list>
		<1to2 type=matrix rownames=FALSE colnames=FALSE nrow=5 ncol=2 as.numeric=TRUE >
			49	83
			67	121
			65	188
			57	241
			34	314
		</1to2>
		<3to4 type=matrix rownames=FALSE colnames=FALSE nrow=5 ncol=2 as.numeric=TRUE >
			154	84
			111	159
			130	204
			128	249
			184	262
		</3to4>
	</curves.control>
	<curves.pixel type=list>
		<1to2 type=matrix rownames=FALSE colnames=FALSE nrow=239 ncol=2 as.numeric=TRUE >
			49	83
			49	84
			50	84
			50	85
			50	86
			51	87
			51	88
			52	89
			52	90
			52	91
			53	92
			53	93
			54	94
			54	95
			54	96
			55	97
			55	98
			55	99
			56	100
			56	101
			56	102
			57	103
			57	104
			57	105
			57	106
			58	107
			58	108
			58	109
			58	110
			59	111
			59	112
			59	113
			59	114
			60	115
			60	116
			60	117
			60	118
			60	119
			61	120
			61	121
			61	122
			61	123
			61	124
			61	125
			62	126
			62	127
			62	128
			62	129
			62	130
			62	131
			63	132
			63	133
			63	134
			63	135
			63	136
			63	137
			63	138
			63	139
			64	140
			64	141
			64	142
			64	143
			64	144
			64	145
			64	146
			64	147
			64	148
			64	149
			64	150
			64	151
			65	152
			65	153
			65	154
			65	155
			65	156
			65	157
			65	158
			65	159
			65	160
			65	161
			65	162
			65	163
			65	164
			65	165
			65	166
			65	167
			65	168
			65	169
			65	170
			65	171
			65	172
			65	173
			65	174
			65	175
			65	176
			65	177
			65	178
			65	179
			65	180
			65	181
			65	182
			65	183
			65	184
			65	185
			65	186
			65	187
			65	188
			65	189
			65	190
			65	191
			64	192
			64	193
			64	194
			64	195
			64	196
			64	197
			63	198
			63	199
			63	200
			63	201
			63	202
			62	203
			62	204
			62	205
			62	206
			62	207
			62	208
			61	209
			61	210
			61	211
			61	212
			61	213
			60	214
			60	215
			60	216
			60	217
			60	218
			59	219
			59	220
			59	221
			59	222
			59	223
			58	224
			58	225
			58	226
			58	227
			58	228
			57	229
			57	230
			57	231
			57	232
			56	233
			56	234
			56	235
			56	236
			55	237
			55	238
			55	239
			55	240
			55	241
			54	241
			54	242
			54	243
			54	244
			53	245
			53	246
			53	247
			53	248
			53	249
			52	249
			52	250
			52	251
			52	252
			52	253
			51	253
			51	254
			51	255
			51	256
			50	257
			50	258
			50	259
			50	260
			49	261
			49	262
			49	263
			49	264
			48	265
			48	266
			48	267
			48	268
			47	269
			47	270
			47	271
			47	272
			46	273
			46	274
			46	275
			45	276
			45	277
			45	278
			45	279
			44	280
			44	281
			44	282
			43	282
			43	283
			43	284
			43	285
			43	286
			42	286
			42	287
			42	288
			42	289
			41	290
			41	291
			41	292
			40	293
			40	294
			40	295
			40	296
			39	297
			39	298
			39	299
			38	300
			38	301
			38	302
			37	303
			37	304
			37	305
			37	306
			36	306
			36	307
			36	308
			36	309
			35	310
			35	311
			35	312
			34	313
			34	314
		</1to2>
		<3to4 type=matrix rownames=FALSE colnames=FALSE nrow=205 ncol=2 as.numeric=TRUE >
			154	84
			153	85
			153	86
			152	87
			152	88
			151	89
			151	90
			150	90
			150	91
			150	92
			149	93
			149	94
			148	95
			147	96
			147	97
			146	98
			146	99
			145	100
			145	101
			144	102
			144	103
			143	104
			143	105
			143	106
			142	107
			142	108
			141	109
			141	110
			140	110
			140	111
			139	112
			139	113
			139	114
			138	115
			138	116
			137	117
			137	118
			137	119
			136	120
			136	121
			136	122
			135	122
			135	123
			135	124
			134	125
			134	126
			134	127
			133	128
			133	129
			133	130
			132	130
			132	131
			132	132
			131	133
			131	134
			131	135
			131	136
			130	136
			130	137
			130	138
			130	139
			129	140
			129	141
			129	142
			128	143
			128	144
			128	145
			128	146
			127	147
			127	148
			127	149
			127	150
			127	151
			126	152
			126	153
			126	154
			126	155
			126	156
			126	157
			125	158
			125	159
			125	160
			125	161
			125	162
			125	163
			125	164
			125	165
			124	166
			124	167
			124	168
			124	169
			124	170
			124	171
			124	172
			124	173
			124	174
			124	175
			124	176
			124	177
			124	178
			124	179
			124	180
			125	181
			125	182
			125	183
			125	184
			125	185
			125	186
			125	187
			125	188
			126	189
			126	190
			126	191
			126	192
			126	193
			127	194
			127	195
			127	196
			128	197
			128	198
			128	199
			129	200
			129	201
			129	202
			130	203
			130	204
			130	205
			130	206
			130	207
			130	208
			130	209
			130	210
			130	211
			130	212
			130	213
			130	214
			131	215
			131	216
			131	217
			131	218
			131	219
			131	220
			132	221
			132	222
			132	223
			133	224
			133	225
			133	226
			134	227
			134	228
			134	229
			135	230
			136	231
			136	232
			137	233
			137	234
			138	235
			139	236
			139	237
			140	238
			141	239
			142	240
			142	241
			143	242
			144	243
			145	243
			146	244
			147	245
			148	246
			149	247
			150	247
			151	248
			152	249
			153	250
			154	250
			155	251
			156	252
			157	252
			158	253
			159	253
			160	254
			161	254
			162	255
			163	255
			164	256
			165	256
			166	256
			167	257
			168	257
			169	258
			170	258
			171	258
			172	259
			173	259
			174	259
			175	260
			176	260
			177	260
			178	260
			179	261
			180	261
			181	261
			182	262
			183	262
			184	262
		</3to4>
	</curves.pixel>
</shapes>

