<shapes type=list>
	<scaling type=logical names=FALSE length=1 as.numeric=FALSE >NA</scaling>
	<landmarks.pixel type=matrix rownames=TRUE colnames=FALSE nrow=9 ncol=2 as.numeric=TRUE >
		1	37	77
		2	29	391
		3	143	54
		4	173	263
		5	124	347
		6	159	432
		7	23	464
		8	124	14
		9	52	23
	</landmarks.pixel>
	<curves.control type=list>
		<1to2 type=matrix rownames=FALSE colnames=FALSE nrow=5 ncol=2 as.numeric=TRUE >
			37	77
			58	123
			65	188
			69	261
			29	391
		</1to2>
		<3to4 type=matrix rownames=FALSE colnames=FALSE nrow=5 ncol=2 as.numeric=TRUE >
			143	54
			105	121
			121	194
			131	266
			173	263
		</3to4>
	</curves.control>
	<curves.pixel type=list>
		<1to2 type=matrix rownames=FALSE colnames=FALSE nrow=320 ncol=2 as.numeric=TRUE >
			37	77
			37	78
			38	78
			38	79
			38	80
			39	81
			39	82
			40	83
			40	84
			40	85
			41	85
			41	86
			41	87
			42	88
			42	89
			42	90
			43	91
			43	92
			43	93
			44	93
			44	94
			44	95
			45	96
			45	97
			45	98
			46	99
			46	100
			46	101
			47	102
			47	103
			48	104
			48	105
			48	106
			49	107
			49	108
			49	109
			50	110
			50	111
			50	112
			51	113
			51	114
			51	115
			51	116
			52	117
			52	118
			52	119
			53	120
			53	121
			53	122
			53	123
			54	124
			54	125
			54	126
			54	127
			55	128
			55	129
			55	130
			55	131
			56	132
			56	133
			56	134
			56	135
			56	136
			57	137
			57	138
			57	139
			57	140
			58	141
			58	142
			58	143
			58	144
			58	145
			59	146
			59	147
			59	148
			59	149
			59	150
			60	151
			60	152
			60	153
			60	154
			60	155
			60	156
			61	157
			61	158
			61	159
			61	160
			61	161
			62	162
			62	163
			62	164
			62	165
			62	166
			62	167
			63	168
			63	169
			63	170
			63	171
			63	172
			63	173
			63	174
			63	175
			64	176
			64	177
			64	178
			64	179
			64	180
			64	181
			64	182
			64	183
			65	184
			65	185
			65	186
			65	187
			65	188
			65	189
			65	190
			65	191
			65	192
			65	193
			65	194
			65	195
			65	196
			65	197
			65	198
			65	199
			65	200
			65	201
			65	202
			65	203
			65	204
			65	205
			65	206
			65	207
			65	208
			65	209
			65	210
			65	211
			65	212
			65	213
			65	214
			65	215
			65	216
			65	217
			65	218
			65	219
			65	220
			65	221
			65	222
			65	223
			65	224
			64	225
			64	226
			64	227
			64	228
			64	229
			64	230
			64	231
			64	232
			64	233
			64	234
			64	235
			64	236
			63	237
			63	238
			63	239
			63	240
			63	241
			63	242
			63	243
			63	244
			63	245
			62	246
			62	247
			62	248
			62	249
			62	250
			62	251
			62	252
			61	253
			61	254
			61	255
			61	256
			61	257
			61	258
			61	259
			60	260
			60	261
			60	262
			60	263
			60	264
			60	265
			60	266
			59	267
			59	268
			59	269
			59	270
			59	271
			59	272
			58	272
			58	273
			58	274
			58	275
			58	276
			58	277
			57	278
			57	279
			57	280
			57	281
			57	282
			57	283
			56	284
			56	285
			56	286
			56	287
			56	288
			55	289
			55	290
			55	291
			55	292
			55	293
			54	294
			54	295
			54	296
			54	297
			54	298
			53	299
			53	300
			53	301
			53	302
			52	303
			52	304
			52	305
			52	306
			52	307
			51	308
			51	309
			51	310
			51	311
			51	312
			50	313
			50	314
			50	315
			49	316
			49	317
			49	318
			49	319
			48	320
			48	321
			48	322
			48	323
			48	324
			48	325
			47	325
			47	326
			47	327
			47	328
			46	329
			46	330
			46	331
			46	332
			45	333
			45	334
			45	335
			45	336
			44	337
			44	338
			44	339
			43	340
			43	341
			43	342
			43	343
			42	344
			42	345
			42	346
			42	347
			41	348
			41	349
			41	350
			41	351
			40	352
			40	353
			40	354
			40	355
			39	356
			39	357
			39	358
			38	359
			38	360
			38	361
			37	362
			37	363
			37	364
			37	365
			36	366
			36	367
			36	368
			36	369
			35	370
			35	371
			35	372
			34	373
			34	374
			34	375
			33	376
			33	377
			33	378
			33	379
			32	380
			32	381
			32	382
			31	383
			31	384
			31	385
			31	386
			30	387
			30	388
			30	389
			29	390
			29	391
		</1to2>
		<3to4 type=matrix rownames=FALSE colnames=FALSE nrow=235 ncol=2 as.numeric=TRUE >
			143	54
			142	55
			142	56
			141	57
			141	58
			140	59
			140	60
			139	60
			139	61
			139	62
			138	62
			138	63
			138	64
			137	64
			137	65
			137	66
			136	67
			136	68
			135	69
			135	70
			134	71
			134	72
			133	73
			133	74
			132	75
			132	76
			132	77
			131	78
			131	79
			130	80
			130	81
			130	82
			129	83
			129	84
			128	85
			128	86
			128	87
			127	88
			127	89
			127	90
			126	91
			126	92
			126	93
			125	94
			125	95
			125	96
			124	97
			124	98
			124	99
			124	100
			123	101
			123	102
			123	103
			122	104
			122	105
			122	106
			122	107
			121	108
			121	109
			121	110
			121	111
			121	112
			120	113
			120	114
			120	115
			120	116
			120	117
			119	118
			119	119
			119	120
			119	121
			119	122
			118	123
			118	124
			118	125
			118	126
			118	127
			118	128
			118	129
			118	130
			117	131
			117	132
			117	133
			117	134
			117	135
			117	136
			117	137
			117	138
			117	139
			117	140
			117	141
			116	142
			116	143
			116	144
			116	145
			116	146
			116	147
			116	148
			116	149
			116	150
			116	151
			116	152
			116	153
			116	154
			116	155
			116	156
			116	157
			116	158
			116	159
			116	160
			117	161
			117	162
			117	163
			117	164
			117	165
			117	166
			117	167
			117	168
			117	169
			117	170
			117	171
			117	172
			118	173
			118	174
			118	175
			118	176
			118	177
			118	178
			118	179
			118	180
			119	181
			119	182
			119	183
			119	184
			119	185
			119	186
			120	187
			120	188
			120	189
			120	190
			120	191
			121	192
			121	193
			121	194
			121	195
			121	196
			121	197
			122	198
			122	199
			122	200
			122	201
			122	202
			122	203
			123	204
			123	205
			123	206
			123	207
			123	208
			124	209
			124	210
			124	211
			124	212
			125	213
			125	214
			125	215
			125	216
			125	217
			126	218
			126	219
			126	220
			127	221
			127	222
			127	223
			128	224
			128	225
			128	226
			129	227
			129	228
			129	229
			130	230
			130	231
			130	232
			131	233
			131	234
			132	235
			132	236
			133	237
			133	238
			134	239
			134	240
			135	241
			135	242
			136	243
			136	244
			137	244
			138	245
			138	246
			139	247
			139	248
			140	248
			140	249
			141	250
			142	251
			143	252
			144	253
			145	254
			146	255
			147	256
			148	256
			149	257
			150	257
			150	258
			151	258
			152	259
			153	259
			154	260
			155	260
			156	261
			157	261
			158	261
			159	262
			160	262
			161	262
			162	262
			163	263
			164	263
			165	263
			166	263
			167	263
			168	263
			169	263
			170	263
			171	263
			172	263
			173	263
		</3to4>
	</curves.pixel>
</shapes>

