<shapes type=list>
	<ruler.interval type=vector names=FALSE length=1 as.numeric=TRUE >50</ruler.interval>
	<scaling.units type=vector names=FALSE length=1 as.numeric=FALSE >mm</scaling.units>
	<scaling type=vector names=FALSE length=1 as.numeric=TRUE >0.257390238744712</scaling>
	<landmarks.pixel type=matrix rownames=TRUE colnames=FALSE nrow=5 ncol=2 as.numeric=TRUE >
		condyle	56	184
		angular	47	258
		coronoid	98	115
		posterior molar	186	213
		tip incisor	427	200
	</landmarks.pixel>
	<landmarks.scaled type=matrix rownames=TRUE colnames=FALSE nrow=5 ncol=2 as.numeric=TRUE >
		condyle	14.4138533697039	-47.3598039290271
		angular	12.0973412210015	-66.4066815961358
		coronoid	25.2242433969818	-29.5998774556419
		posterior molar	47.8745844065165	-54.8241208526237
		tip incisor	109.905631943992	-51.4780477489425
	</landmarks.scaled>
	<curves.control type=list>
		<condtocor type=matrix rownames=FALSE colnames=FALSE nrow=7 ncol=2 as.numeric=TRUE >
			56	184
			69	187
			89	188
			95	168
			100	146
			96	128
			98	115
		</condtocor>
		<condtoang type=matrix rownames=FALSE colnames=FALSE nrow=7 ncol=2 as.numeric=TRUE >
			56	184
			65	199
			77	225
			93	219
			97	227
			104	257
			47	258
		</condtoang>
	</curves.control>
	<curves.pixel type=list>
		<condtocor type=matrix rownames=FALSE colnames=FALSE nrow=109 ncol=2 as.numeric=TRUE >
			56	184
			57	184
			58	184
			59	185
			60	185
			61	185
			62	185
			63	185
			64	186
			65	186
			66	186
			67	186
			68	186
			69	186
			70	186
			71	187
			72	187
			73	187
			74	187
			75	187
			76	187
			77	187
			78	187
			79	187
			80	187
			81	188
			82	188
			83	188
			84	188
			85	188
			86	188
			87	188
			88	188
			89	188
			89	187
			89	186
			90	186
			90	185
			90	184
			90	183
			91	182
			91	181
			91	180
			92	179
			92	178
			92	177
			93	176
			93	175
			93	174
			93	173
			94	172
			94	171
			94	170
			94	169
			95	168
			95	167
			95	166
			95	165
			96	165
			96	164
			96	163
			96	162
			96	161
			97	160
			97	159
			97	158
			97	157
			98	156
			98	155
			98	154
			98	153
			99	152
			99	151
			99	150
			99	149
			100	148
			100	147
			100	146
			100	145
			100	144
			99	143
			99	142
			99	141
			99	140
			99	139
			98	138
			98	137
			98	136
			98	135
			98	134
			98	133
			98	132
			98	131
			98	130
			97	129
			97	128
			97	127
			97	126
			97	125
			97	124
			97	123
			97	122
			97	121
			97	120
			98	119
			98	118
			98	117
			98	116
			98	115
		</condtocor>
		<condtoang type=matrix rownames=FALSE colnames=FALSE nrow=129 ncol=2 as.numeric=TRUE >
			56	184
			56	185
			57	185
			57	186
			58	187
			58	188
			59	189
			59	190
			60	191
			60	192
			61	193
			61	194
			62	195
			63	196
			63	197
			64	198
			64	199
			65	200
			65	201
			66	202
			66	203
			67	204
			67	205
			68	206
			69	207
			69	208
			69	209
			70	210
			70	211
			71	211
			71	212
			71	213
			72	214
			72	215
			73	216
			73	217
			74	218
			74	219
			75	220
			75	221
			75	222
			76	223
			77	224
			78	225
			79	224
			80	224
			81	224
			82	223
			83	223
			84	223
			85	223
			86	223
			87	222
			88	222
			89	222
			90	222
			90	223
			91	223
			92	223
			93	223
			94	224
			95	225
			96	226
			97	227
			97	228
			97	229
			98	230
			98	231
			98	232
			98	233
			98	234
			98	235
			98	236
			97	237
			97	238
			97	239
			97	240
			96	241
			96	242
			95	243
			94	244
			93	245
			93	246
			92	247
			91	248
			90	249
			89	249
			88	250
			87	250
			86	251
			85	251
			84	252
			83	252
			82	253
			81	253
			80	253
			79	254
			78	254
			77	254
			76	255
			75	255
			74	255
			73	255
			72	256
			71	256
			70	256
			69	256
			68	256
			67	256
			66	257
			65	257
			64	257
			63	257
			62	257
			61	257
			60	257
			59	257
			58	257
			57	258
			56	258
			55	258
			54	258
			53	258
			52	258
			51	258
			50	258
			49	258
			48	258
			47	258
		</condtoang>
	</curves.pixel>
	<curves.scaled type=list>
		<condtocor type=matrix rownames=FALSE colnames=FALSE nrow=109 ncol=2 as.numeric=TRUE >
			14.4138533697039	-47.3598039290271
			14.6712436084486	-47.3598039290271
			14.9286338471933	-47.3598039290271
			15.186024085938	-47.6171941677718
			15.4434143246827	-47.6171941677718
			15.7008045634275	-47.6171941677718
			15.9581948021722	-47.6171941677718
			16.2155850409169	-47.6171941677718
			16.4729752796616	-47.8745844065165
			16.7303655184063	-47.8745844065165
			16.987755757151	-47.8745844065165
			17.2451459958957	-47.8745844065165
			17.5025362346404	-47.8745844065165
			17.7599264733851	-47.8745844065165
			18.0173167121299	-47.8745844065165
			18.2747069508746	-48.1319746452612
			18.5320971896193	-48.1319746452612
			18.789487428364	-48.1319746452612
			19.0468776671087	-48.1319746452612
			19.3042679058534	-48.1319746452612
			19.5616581445981	-48.1319746452612
			19.8190483833428	-48.1319746452612
			20.0764386220876	-48.1319746452612
			20.3338288608323	-48.1319746452612
			20.591219099577	-48.1319746452612
			20.8486093383217	-48.3893648840059
			21.1059995770664	-48.3893648840059
			21.3633898158111	-48.3893648840059
			21.6207800545558	-48.3893648840059
			21.8781702933005	-48.3893648840059
			22.1355605320453	-48.3893648840059
			22.39295077079	-48.3893648840059
			22.6503410095347	-48.3893648840059
			22.9077312482794	-48.3893648840059
			22.9077312482794	-48.1319746452612
			22.9077312482794	-47.8745844065165
			23.1651214870241	-47.8745844065165
			23.1651214870241	-47.6171941677718
			23.1651214870241	-47.3598039290271
			23.1651214870241	-47.1024136902823
			23.4225117257688	-46.8450234515376
			23.4225117257688	-46.5876332127929
			23.4225117257688	-46.3302429740482
			23.6799019645135	-46.0728527353035
			23.6799019645135	-45.8154624965588
			23.6799019645135	-45.5580722578141
			23.9372922032582	-45.3006820190694
			23.9372922032582	-45.0432917803247
			23.9372922032582	-44.7859015415799
			23.9372922032582	-44.5285113028352
			24.194682442003	-44.2711210640905
			24.194682442003	-44.0137308253458
			24.194682442003	-43.7563405866011
			24.194682442003	-43.4989503478564
			24.4520726807477	-43.2415601091117
			24.4520726807477	-42.984169870367
			24.4520726807477	-42.7267796316222
			24.4520726807477	-42.4693893928775
			24.7094629194924	-42.4693893928775
			24.7094629194924	-42.2119991541328
			24.7094629194924	-41.9546089153881
			24.7094629194924	-41.6972186766434
			24.7094629194924	-41.4398284378987
			24.9668531582371	-41.182438199154
			24.9668531582371	-40.9250479604093
			24.9668531582371	-40.6676577216645
			24.9668531582371	-40.4102674829198
			25.2242433969818	-40.1528772441751
			25.2242433969818	-39.8954870054304
			25.2242433969818	-39.6380967666857
			25.2242433969818	-39.380706527941
			25.4816336357265	-39.1233162891963
			25.4816336357265	-38.8659260504516
			25.4816336357265	-38.6085358117068
			25.4816336357265	-38.3511455729621
			25.7390238744712	-38.0937553342174
			25.7390238744712	-37.8363650954727
			25.7390238744712	-37.578974856728
			25.7390238744712	-37.3215846179833
			25.7390238744712	-37.0641943792386
			25.4816336357265	-36.8068041404939
			25.4816336357265	-36.5494139017491
			25.4816336357265	-36.2920236630044
			25.4816336357265	-36.0346334242597
			25.4816336357265	-35.777243185515
			25.2242433969818	-35.5198529467703
			25.2242433969818	-35.2624627080256
			25.2242433969818	-35.0050724692809
			25.2242433969818	-34.7476822305362
			25.2242433969818	-34.4902919917914
			25.2242433969818	-34.2329017530467
			25.2242433969818	-33.975511514302
			25.2242433969818	-33.7181212755573
			25.2242433969818	-33.4607310368126
			24.9668531582371	-33.2033407980679
			24.9668531582371	-32.9459505593232
			24.9668531582371	-32.6885603205785
			24.9668531582371	-32.4311700818337
			24.9668531582371	-32.173779843089
			24.9668531582371	-31.9163896043443
			24.9668531582371	-31.6589993655996
			24.9668531582371	-31.4016091268549
			24.9668531582371	-31.1442188881102
			24.9668531582371	-30.8868286493655
			25.2242433969818	-30.6294384106208
			25.2242433969818	-30.372048171876
			25.2242433969818	-30.1146579331313
			25.2242433969818	-29.8572676943866
			25.2242433969818	-29.5998774556419
		</condtocor>
		<condtoang type=matrix rownames=FALSE colnames=FALSE nrow=129 ncol=2 as.numeric=TRUE >
			14.4138533697039	-47.3598039290271
			14.4138533697039	-47.6171941677718
			14.6712436084486	-47.6171941677718
			14.6712436084486	-47.8745844065165
			14.9286338471933	-48.1319746452612
			14.9286338471933	-48.3893648840059
			15.186024085938	-48.6467551227506
			15.186024085938	-48.9041453614953
			15.4434143246827	-49.16153560024
			15.4434143246827	-49.4189258389848
			15.7008045634275	-49.6763160777295
			15.7008045634275	-49.9337063164742
			15.9581948021722	-50.1910965552189
			16.2155850409169	-50.4484867939636
			16.2155850409169	-50.7058770327083
			16.4729752796616	-50.963267271453
			16.4729752796616	-51.2206575101977
			16.7303655184063	-51.4780477489425
			16.7303655184063	-51.7354379876872
			16.987755757151	-51.9928282264319
			16.987755757151	-52.2502184651766
			17.2451459958957	-52.5076087039213
			17.2451459958957	-52.764998942666
			17.5025362346404	-53.0223891814107
			17.7599264733851	-53.2797794201554
			17.7599264733851	-53.5371696589002
			17.7599264733851	-53.7945598976449
			18.0173167121299	-54.0519501363896
			18.0173167121299	-54.3093403751343
			18.2747069508746	-54.3093403751343
			18.2747069508746	-54.566730613879
			18.2747069508746	-54.8241208526237
			18.5320971896193	-55.0815110913684
			18.5320971896193	-55.3389013301131
			18.789487428364	-55.5962915688579
			18.789487428364	-55.8536818076026
			19.0468776671087	-56.1110720463473
			19.0468776671087	-56.368462285092
			19.3042679058534	-56.6258525238367
			19.3042679058534	-56.8832427625814
			19.3042679058534	-57.1406330013261
			19.5616581445981	-57.3980232400708
			19.8190483833428	-57.6554134788156
			20.0764386220876	-57.9128037175603
			20.3338288608323	-57.6554134788156
			20.591219099577	-57.6554134788156
			20.8486093383217	-57.6554134788156
			21.1059995770664	-57.3980232400708
			21.3633898158111	-57.3980232400708
			21.6207800545558	-57.3980232400708
			21.8781702933005	-57.3980232400708
			22.1355605320453	-57.3980232400708
			22.39295077079	-57.1406330013261
			22.6503410095347	-57.1406330013261
			22.9077312482794	-57.1406330013261
			23.1651214870241	-57.1406330013261
			23.1651214870241	-57.3980232400708
			23.4225117257688	-57.3980232400708
			23.6799019645135	-57.3980232400708
			23.9372922032582	-57.3980232400708
			24.194682442003	-57.6554134788156
			24.4520726807477	-57.9128037175603
			24.7094629194924	-58.170193956305
			24.9668531582371	-58.4275841950497
			24.9668531582371	-58.6849744337944
			24.9668531582371	-58.9423646725391
			25.2242433969818	-59.1997549112838
			25.2242433969818	-59.4571451500285
			25.2242433969818	-59.7145353887732
			25.2242433969818	-59.971925627518
			25.2242433969818	-60.2293158662627
			25.2242433969818	-60.4867061050074
			25.2242433969818	-60.7440963437521
			24.9668531582371	-61.0014865824968
			24.9668531582371	-61.2588768212415
			24.9668531582371	-61.5162670599862
			24.9668531582371	-61.7736572987309
			24.7094629194924	-62.0310475374757
			24.7094629194924	-62.2884377762204
			24.4520726807477	-62.5458280149651
			24.194682442003	-62.8032182537098
			23.9372922032582	-63.0606084924545
			23.9372922032582	-63.3179987311992
			23.6799019645135	-63.5753889699439
			23.4225117257688	-63.8327792086886
			23.1651214870241	-64.0901694474334
			22.9077312482794	-64.0901694474334
			22.6503410095347	-64.3475596861781
			22.39295077079	-64.3475596861781
			22.1355605320453	-64.6049499249228
			21.8781702933005	-64.6049499249228
			21.6207800545558	-64.8623401636675
			21.3633898158111	-64.8623401636675
			21.1059995770664	-65.1197304024122
			20.8486093383217	-65.1197304024122
			20.591219099577	-65.1197304024122
			20.3338288608323	-65.3771206411569
			20.0764386220876	-65.3771206411569
			19.8190483833428	-65.3771206411569
			19.5616581445981	-65.6345108799016
			19.3042679058534	-65.6345108799016
			19.0468776671087	-65.6345108799016
			18.789487428364	-65.6345108799016
			18.5320971896193	-65.8919011186463
			18.2747069508746	-65.8919011186463
			18.0173167121299	-65.8919011186463
			17.7599264733851	-65.8919011186463
			17.5025362346404	-65.8919011186463
			17.2451459958957	-65.8919011186463
			16.987755757151	-66.1492913573911
			16.7303655184063	-66.1492913573911
			16.4729752796616	-66.1492913573911
			16.2155850409169	-66.1492913573911
			15.9581948021722	-66.1492913573911
			15.7008045634275	-66.1492913573911
			15.4434143246827	-66.1492913573911
			15.186024085938	-66.1492913573911
			14.9286338471933	-66.1492913573911
			14.6712436084486	-66.4066815961358
			14.4138533697039	-66.4066815961358
			14.1564631309592	-66.4066815961358
			13.8990728922145	-66.4066815961358
			13.6416826534698	-66.4066815961358
			13.384292414725	-66.4066815961358
			13.1269021759803	-66.4066815961358
			12.8695119372356	-66.4066815961358
			12.6121216984909	-66.4066815961358
			12.3547314597462	-66.4066815961358
			12.0973412210015	-66.4066815961358
		</condtoang>
	</curves.scaled>
	<ruler.points type=matrix rownames=TRUE colnames=FALSE nrow=2 ncol=2 as.numeric=TRUE >
		Ruler point 1	242	48
		Ruler point 2	436	38
	</ruler.points>
</shapes>

