<shapes type=list>
	<ruler.pixel type=vector names=FALSE length=1 as.numeric=TRUE >210.152325706855</ruler.pixel>
	<ruler.interval type=vector names=FALSE length=1 as.numeric=TRUE >50</ruler.interval>
	<scaling.units type=vector names=FALSE length=1 as.numeric=FALSE >mm</scaling.units>
	<scaling type=vector names=FALSE length=1 as.numeric=TRUE >0.237922658394682</scaling>
	<landmarks.pixel type=matrix rownames=TRUE colnames=FALSE nrow=5 ncol=2 as.numeric=TRUE >
		condyle	26	88
		angular	57	165
		coronoid	77	62
		posterior molar	154	113
		tip incisor	329	89
	</landmarks.pixel>
	<landmarks.scaled type=matrix rownames=TRUE colnames=FALSE nrow=5 ncol=2 as.numeric=TRUE >
		condyle	6.18598911826174	-20.937193938732
		angular	13.5615915284969	-39.2572386351226
		coronoid	18.3200446963905	-14.7512048204703
		posterior molar	36.6400893927811	-26.8852603985991
		tip incisor	78.2765546118504	-21.1751165971267
	</landmarks.scaled>
	<curves.control type=list>
		<condtocor type=matrix rownames=FALSE colnames=FALSE nrow=7 ncol=2 as.numeric=TRUE >
			26	88
			33	81
			43	78
			79	93
			94	82
			89	69
			77	62
		</condtocor>
		<condtoang type=matrix rownames=FALSE colnames=FALSE nrow=7 ncol=2 as.numeric=TRUE >
			26	88
			29	94
			29	100
			75	125
			75	148
			77	163
			57	165
		</condtoang>
	</curves.control>
	<curves.pixel type=list>
		<condtocor type=matrix rownames=FALSE colnames=FALSE nrow=96 ncol=2 as.numeric=TRUE >
			26	88
			27	87
			28	86
			29	86
			30	85
			30	84
			31	83
			32	83
			33	82
			34	82
			35	81
			36	81
			37	80
			38	80
			39	79
			40	79
			41	79
			42	78
			43	78
			44	78
			45	79
			46	79
			47	80
			48	80
			49	80
			50	81
			51	81
			52	82
			53	82
			54	82
			55	82
			56	83
			57	83
			58	83
			59	84
			60	84
			61	84
			62	85
			63	85
			64	85
			65	85
			66	85
			67	86
			68	86
			69	86
			70	86
			71	86
			72	86
			73	86
			74	87
			75	87
			76	87
			77	87
			78	87
			79	87
			80	87
			81	87
			82	86
			83	86
			84	86
			85	86
			86	86
			87	85
			88	85
			89	85
			90	84
			91	84
			92	83
			93	83
			94	82
			94	81
			93	81
			93	80
			93	79
			92	79
			92	78
			92	77
			91	77
			91	76
			91	75
			90	75
			90	74
			89	73
			89	72
			88	71
			87	70
			86	69
			85	68
			84	67
			83	66
			82	65
			81	65
			80	64
			79	63
			78	63
			77	62
		</condtocor>
		<condtoang type=matrix rownames=FALSE colnames=FALSE nrow=107 ncol=2 as.numeric=TRUE >
			26	88
			26	89
			27	89
			27	90
			27	91
			28	92
			28	93
			28	94
			28	95
			29	96
			29	97
			29	98
			29	99
			29	100
			30	101
			31	101
			32	102
			33	102
			34	103
			35	103
			36	104
			37	104
			37	105
			38	105
			39	106
			40	106
			41	107
			42	108
			43	108
			44	109
			45	110
			46	110
			47	111
			48	111
			49	112
			49	113
			50	113
			51	114
			52	114
			53	115
			53	116
			54	116
			55	117
			56	117
			56	118
			57	119
			58	119
			58	120
			59	120
			60	121
			61	122
			62	123
			63	124
			64	125
			65	126
			65	127
			66	127
			67	128
			67	129
			68	129
			68	130
			69	131
			70	132
			71	133
			71	134
			71	135
			72	136
			72	137
			73	138
			73	139
			74	140
			74	141
			74	142
			74	143
			75	144
			75	145
			75	146
			75	147
			75	148
			75	149
			75	150
			75	151
			75	152
			75	153
			75	154
			74	155
			74	156
			74	157
			73	158
			72	159
			72	160
			71	160
			70	161
			69	161
			68	162
			67	163
			66	163
			65	163
			64	164
			63	164
			62	164
			61	164
			61	165
			60	165
			59	165
			58	165
			57	165
		</condtoang>
	</curves.pixel>
	<curves.scaled type=list>
		<condtocor type=matrix rownames=FALSE colnames=FALSE nrow=96 ncol=2 as.numeric=TRUE >
			6.18598911826174	-20.937193938732
			6.42391177665642	-20.6992712803373
			6.6618344350511	-20.4613486219427
			6.89975709344578	-20.4613486219427
			7.13767975184046	-20.223425963548
			7.13767975184046	-19.9855033051533
			7.37560241023515	-19.7475806467586
			7.61352506862983	-19.7475806467586
			7.85144772702451	-19.5096579883639
			8.08937038541919	-19.5096579883639
			8.32729304381387	-19.2717353299693
			8.56521570220856	-19.2717353299693
			8.80313836060324	-19.0338126715746
			9.04106101899792	-19.0338126715746
			9.2789836773926	-18.7958900131799
			9.51690633578728	-18.7958900131799
			9.75482899418197	-18.7958900131799
			9.99275165257665	-18.5579673547852
			10.2306743109713	-18.5579673547852
			10.468596969366	-18.5579673547852
			10.7065196277607	-18.7958900131799
			10.9444422861554	-18.7958900131799
			11.1823649445501	-19.0338126715746
			11.4202876029447	-19.0338126715746
			11.6582102613394	-19.0338126715746
			11.8961329197341	-19.2717353299693
			12.1340555781288	-19.2717353299693
			12.3719782365235	-19.5096579883639
			12.6099008949182	-19.5096579883639
			12.8478235533128	-19.5096579883639
			13.0857462117075	-19.5096579883639
			13.3236688701022	-19.7475806467586
			13.5615915284969	-19.7475806467586
			13.7995141868916	-19.7475806467586
			14.0374368452862	-19.9855033051533
			14.2753595036809	-19.9855033051533
			14.5132821620756	-19.9855033051533
			14.7512048204703	-20.223425963548
			14.989127478865	-20.223425963548
			15.2270501372597	-20.223425963548
			15.4649727956543	-20.223425963548
			15.702895454049	-20.223425963548
			15.9408181124437	-20.4613486219427
			16.1787407708384	-20.4613486219427
			16.4166634292331	-20.4613486219427
			16.6545860876277	-20.4613486219427
			16.8925087460224	-20.4613486219427
			17.1304314044171	-20.4613486219427
			17.3683540628118	-20.4613486219427
			17.6062767212065	-20.6992712803373
			17.8441993796012	-20.6992712803373
			18.0821220379958	-20.6992712803373
			18.3200446963905	-20.6992712803373
			18.5579673547852	-20.6992712803373
			18.7958900131799	-20.6992712803373
			19.0338126715746	-20.6992712803373
			19.2717353299693	-20.6992712803373
			19.5096579883639	-20.4613486219427
			19.7475806467586	-20.4613486219427
			19.9855033051533	-20.4613486219427
			20.223425963548	-20.4613486219427
			20.4613486219427	-20.4613486219427
			20.6992712803373	-20.223425963548
			20.937193938732	-20.223425963548
			21.1751165971267	-20.223425963548
			21.4130392555214	-19.9855033051533
			21.6509619139161	-19.9855033051533
			21.8888845723108	-19.7475806467586
			22.1268072307054	-19.7475806467586
			22.3647298891001	-19.5096579883639
			22.3647298891001	-19.2717353299693
			22.1268072307054	-19.2717353299693
			22.1268072307054	-19.0338126715746
			22.1268072307054	-18.7958900131799
			21.8888845723108	-18.7958900131799
			21.8888845723108	-18.5579673547852
			21.8888845723108	-18.3200446963905
			21.6509619139161	-18.3200446963905
			21.6509619139161	-18.0821220379958
			21.6509619139161	-17.8441993796012
			21.4130392555214	-17.8441993796012
			21.4130392555214	-17.6062767212065
			21.1751165971267	-17.3683540628118
			21.1751165971267	-17.1304314044171
			20.937193938732	-16.8925087460224
			20.6992712803373	-16.6545860876277
			20.4613486219427	-16.4166634292331
			20.223425963548	-16.1787407708384
			19.9855033051533	-15.9408181124437
			19.7475806467586	-15.702895454049
			19.5096579883639	-15.4649727956543
			19.2717353299693	-15.4649727956543
			19.0338126715746	-15.2270501372597
			18.7958900131799	-14.989127478865
			18.5579673547852	-14.989127478865
			18.3200446963905	-14.7512048204703
		</condtocor>
		<condtoang type=matrix rownames=FALSE colnames=FALSE nrow=107 ncol=2 as.numeric=TRUE >
			6.18598911826174	-20.937193938732
			6.18598911826174	-21.1751165971267
			6.42391177665642	-21.1751165971267
			6.42391177665642	-21.4130392555214
			6.42391177665642	-21.6509619139161
			6.6618344350511	-21.8888845723108
			6.6618344350511	-22.1268072307054
			6.6618344350511	-22.3647298891001
			6.6618344350511	-22.6026525474948
			6.89975709344578	-22.8405752058895
			6.89975709344578	-23.0784978642842
			6.89975709344578	-23.3164205226789
			6.89975709344578	-23.5543431810735
			6.89975709344578	-23.7922658394682
			7.13767975184046	-24.0301884978629
			7.37560241023515	-24.0301884978629
			7.61352506862983	-24.2681111562576
			7.85144772702451	-24.2681111562576
			8.08937038541919	-24.5060338146523
			8.32729304381387	-24.5060338146523
			8.56521570220856	-24.7439564730469
			8.80313836060324	-24.7439564730469
			8.80313836060324	-24.9818791314416
			9.04106101899792	-24.9818791314416
			9.2789836773926	-25.2198017898363
			9.51690633578728	-25.2198017898363
			9.75482899418197	-25.457724448231
			9.99275165257665	-25.6956471066257
			10.2306743109713	-25.6956471066257
			10.468596969366	-25.9335697650204
			10.7065196277607	-26.171492423415
			10.9444422861554	-26.171492423415
			11.1823649445501	-26.4094150818097
			11.4202876029447	-26.4094150818097
			11.6582102613394	-26.6473377402044
			11.6582102613394	-26.8852603985991
			11.8961329197341	-26.8852603985991
			12.1340555781288	-27.1231830569938
			12.3719782365235	-27.1231830569938
			12.6099008949182	-27.3611057153884
			12.6099008949182	-27.5990283737831
			12.8478235533128	-27.5990283737831
			13.0857462117075	-27.8369510321778
			13.3236688701022	-27.8369510321778
			13.3236688701022	-28.0748736905725
			13.5615915284969	-28.3127963489672
			13.7995141868916	-28.3127963489672
			13.7995141868916	-28.5507190073619
			14.0374368452862	-28.5507190073619
			14.2753595036809	-28.7886416657565
			14.5132821620756	-29.0265643241512
			14.7512048204703	-29.2644869825459
			14.989127478865	-29.5024096409406
			15.2270501372597	-29.7403322993353
			15.4649727956543	-29.9782549577299
			15.4649727956543	-30.2161776161246
			15.702895454049	-30.2161776161246
			15.9408181124437	-30.4541002745193
			15.9408181124437	-30.692022932914
			16.1787407708384	-30.692022932914
			16.1787407708384	-30.9299455913087
			16.4166634292331	-31.1678682497034
			16.6545860876277	-31.405790908098
			16.8925087460224	-31.6437135664927
			16.8925087460224	-31.8816362248874
			16.8925087460224	-32.1195588832821
			17.1304314044171	-32.3574815416768
			17.1304314044171	-32.5954042000714
			17.3683540628118	-32.8333268584661
			17.3683540628118	-33.0712495168608
			17.6062767212065	-33.3091721752555
			17.6062767212065	-33.5470948336502
			17.6062767212065	-33.7850174920449
			17.6062767212065	-34.0229401504395
			17.8441993796012	-34.2608628088342
			17.8441993796012	-34.4987854672289
			17.8441993796012	-34.7367081256236
			17.8441993796012	-34.9746307840183
			17.8441993796012	-35.212553442413
			17.8441993796012	-35.4504761008076
			17.8441993796012	-35.6883987592023
			17.8441993796012	-35.926321417597
			17.8441993796012	-36.1642440759917
			17.8441993796012	-36.4021667343864
			17.8441993796012	-36.6400893927811
			17.6062767212065	-36.8780120511757
			17.6062767212065	-37.1159347095704
			17.6062767212065	-37.3538573679651
			17.3683540628118	-37.5917800263598
			17.1304314044171	-37.8297026847545
			17.1304314044171	-38.0676253431491
			16.8925087460224	-38.0676253431491
			16.6545860876277	-38.3055480015438
			16.4166634292331	-38.3055480015438
			16.1787407708384	-38.5434706599385
			15.9408181124437	-38.7813933183332
			15.702895454049	-38.7813933183332
			15.4649727956543	-38.7813933183332
			15.2270501372597	-39.0193159767279
			14.989127478865	-39.0193159767279
			14.7512048204703	-39.0193159767279
			14.5132821620756	-39.0193159767279
			14.5132821620756	-39.2572386351226
			14.2753595036809	-39.2572386351226
			14.0374368452862	-39.2572386351226
			13.7995141868916	-39.2572386351226
			13.5615915284969	-39.2572386351226
		</condtoang>
	</curves.scaled>
	<ruler.points type=matrix rownames=TRUE colnames=FALSE nrow=2 ncol=2 as.numeric=TRUE >
		Ruler point 1	188	48
		Ruler point 2	398	40
	</ruler.points>
</shapes>

