<shapes type=list>
	<ruler.pixel type=vector names=FALSE length=1 as.numeric=TRUE >106.117859005919</ruler.pixel>
	<ruler.interval type=vector names=FALSE length=1 as.numeric=TRUE >50</ruler.interval>
	<scaling.units type=vector names=FALSE length=1 as.numeric=FALSE >mm</scaling.units>
	<scaling type=vector names=FALSE length=1 as.numeric=TRUE >0.471174225228303</scaling>
	<landmarks.pixel type=matrix rownames=TRUE colnames=FALSE nrow=5 ncol=2 as.numeric=TRUE >
		condyle	115	191
		angular	115	271
		coronoid	188	142
		posterior molar	219	246
		tip incisor	415	232
	</landmarks.pixel>
	<landmarks.scaled type=matrix rownames=TRUE colnames=FALSE nrow=5 ncol=2 as.numeric=TRUE >
		condyle	54.1850359012549	-89.994277018606
		angular	54.1850359012549	-127.68821503687
		coronoid	88.5807543429211	-66.9067399824191
		posterior molar	103.187155324998	-115.908859406163
		tip incisor	195.537303469746	-109.312420252966
	</landmarks.scaled>
	<curves.control type=list>
		<condtocor type=matrix rownames=FALSE colnames=FALSE nrow=7 ncol=2 as.numeric=TRUE >
			115	191
			130	198
			147	198
			167	180
			163	150
			177	140
			188	142
		</condtocor>
		<condtoang type=matrix rownames=FALSE colnames=FALSE nrow=7 ncol=2 as.numeric=TRUE >
			115	191
			106	193
			130	228
			135	244
			142	255
			133	268
			115	271
		</condtoang>
	</curves.control>
	<curves.pixel type=list>
		<condtocor type=matrix rownames=FALSE colnames=FALSE nrow=108 ncol=2 as.numeric=TRUE >
			115	191
			116	191
			117	192
			118	192
			119	193
			120	193
			121	194
			122	194
			123	194
			124	195
			125	195
			126	195
			127	195
			128	196
			129	196
			130	196
			131	196
			132	197
			133	197
			134	197
			135	197
			136	197
			137	197
			138	198
			139	198
			140	198
			141	198
			142	198
			143	198
			144	198
			145	198
			146	198
			147	198
			148	197
			149	196
			150	195
			151	194
			152	193
			153	192
			154	191
			154	190
			155	189
			155	188
			156	188
			156	187
			157	186
			158	185
			158	184
			158	183
			159	182
			159	181
			160	180
			160	179
			161	178
			161	177
			161	176
			162	175
			162	174
			162	173
			162	172
			163	171
			163	170
			163	169
			163	168
			163	167
			163	166
			163	165
			164	164
			164	163
			164	162
			164	161
			164	160
			164	159
			164	158
			164	157
			164	156
			163	155
			163	154
			163	153
			163	152
			163	151
			163	150
			164	149
			165	149
			166	148
			167	148
			168	147
			169	146
			170	146
			170	145
			171	145
			172	145
			173	144
			174	144
			175	143
			176	143
			177	143
			178	143
			179	142
			180	142
			181	142
			182	142
			183	142
			184	142
			185	142
			186	142
			187	142
			188	142
		</condtocor>
		<condtoang type=matrix rownames=FALSE colnames=FALSE nrow=98 ncol=2 as.numeric=TRUE >
			115	191
			114	191
			113	192
			113	193
			113	194
			113	195
			113	196
			113	197
			113	198
			114	199
			114	200
			114	201
			114	202
			115	202
			115	203
			115	204
			116	205
			116	206
			117	207
			117	208
			118	209
			118	210
			119	211
			120	212
			120	213
			121	214
			122	215
			122	216
			123	217
			123	218
			124	219
			125	220
			125	221
			126	222
			127	223
			127	224
			128	225
			129	226
			129	227
			130	228
			130	229
			131	230
			131	231
			131	232
			132	233
			132	234
			132	235
			133	236
			133	237
			134	238
			134	239
			134	240
			135	241
			135	242
			136	243
			136	244
			137	245
			137	246
			138	247
			138	248
			138	249
			139	250
			139	251
			140	251
			140	252
			141	253
			141	254
			142	255
			142	256
			141	256
			140	257
			140	258
			139	259
			138	260
			137	261
			136	261
			136	262
			135	263
			134	263
			133	264
			132	265
			131	265
			130	266
			129	266
			128	267
			127	267
			126	268
			125	268
			124	269
			123	269
			122	269
			121	270
			120	270
			119	270
			118	270
			117	271
			116	271
			115	271
		</condtoang>
	</curves.pixel>
	<curves.scaled type=list>
		<condtocor type=matrix rownames=FALSE colnames=FALSE nrow=108 ncol=2 as.numeric=TRUE >
			54.1850359012549	-89.994277018606
			54.6562101264832	-89.994277018606
			55.1273843517115	-90.4654512438343
			55.5985585769398	-90.4654512438343
			56.0697328021681	-90.9366254690626
			56.5409070273964	-90.9366254690626
			57.0120812526247	-91.4077996942909
			57.483255477853	-91.4077996942909
			57.9544297030813	-91.4077996942909
			58.4256039283096	-91.8789739195192
			58.8967781535379	-91.8789739195192
			59.3679523787662	-91.8789739195192
			59.8391266039945	-91.8789739195192
			60.3103008292228	-92.3501481447475
			60.7814750544511	-92.3501481447475
			61.2526492796795	-92.3501481447475
			61.7238235049078	-92.3501481447475
			62.1949977301361	-92.8213223699758
			62.6661719553644	-92.8213223699758
			63.1373461805927	-92.8213223699758
			63.608520405821	-92.8213223699758
			64.0796946310493	-92.8213223699758
			64.5508688562776	-92.8213223699758
			65.0220430815059	-93.2924965952041
			65.4932173067342	-93.2924965952041
			65.9643915319625	-93.2924965952041
			66.4355657571908	-93.2924965952041
			66.9067399824191	-93.2924965952041
			67.3779142076474	-93.2924965952041
			67.8490884328757	-93.2924965952041
			68.320262658104	-93.2924965952041
			68.7914368833323	-93.2924965952041
			69.2626111085606	-93.2924965952041
			69.7337853337889	-92.8213223699758
			70.2049595590172	-92.3501481447475
			70.6761337842455	-91.8789739195192
			71.1473080094738	-91.4077996942909
			71.6184822347021	-90.9366254690626
			72.0896564599304	-90.4654512438343
			72.5608306851587	-89.994277018606
			72.5608306851587	-89.5231027933777
			73.032004910387	-89.0519285681494
			73.032004910387	-88.5807543429211
			73.5031791356153	-88.5807543429211
			73.5031791356153	-88.1095801176928
			73.9743533608437	-87.6384058924644
			74.4455275860719	-87.1672316672362
			74.4455275860719	-86.6960574420078
			74.4455275860719	-86.2248832167795
			74.9167018113003	-85.7537089915512
			74.9167018113003	-85.2825347663229
			75.3878760365286	-84.8113605410946
			75.3878760365286	-84.3401863158663
			75.8590502617569	-83.869012090638
			75.8590502617569	-83.3978378654097
			75.8590502617569	-82.9266636401814
			76.3302244869852	-82.4554894149531
			76.3302244869852	-81.9843151897248
			76.3302244869852	-81.5131409644965
			76.3302244869852	-81.0419667392682
			76.8013987122135	-80.5707925140399
			76.8013987122135	-80.0996182888116
			76.8013987122135	-79.6284440635833
			76.8013987122135	-79.157269838355
			76.8013987122135	-78.6860956131267
			76.8013987122135	-78.2149213878984
			76.8013987122135	-77.7437471626701
			77.2725729374418	-77.2725729374418
			77.2725729374418	-76.8013987122135
			77.2725729374418	-76.3302244869852
			77.2725729374418	-75.8590502617569
			77.2725729374418	-75.3878760365286
			77.2725729374418	-74.9167018113003
			77.2725729374418	-74.4455275860719
			77.2725729374418	-73.9743533608437
			77.2725729374418	-73.5031791356153
			76.8013987122135	-73.032004910387
			76.8013987122135	-72.5608306851587
			76.8013987122135	-72.0896564599304
			76.8013987122135	-71.6184822347021
			76.8013987122135	-71.1473080094738
			76.8013987122135	-70.6761337842455
			77.2725729374418	-70.2049595590172
			77.7437471626701	-70.2049595590172
			78.2149213878984	-69.7337853337889
			78.6860956131267	-69.7337853337889
			79.157269838355	-69.2626111085606
			79.6284440635833	-68.7914368833323
			80.0996182888116	-68.7914368833323
			80.0996182888116	-68.320262658104
			80.5707925140399	-68.320262658104
			81.0419667392682	-68.320262658104
			81.5131409644965	-67.8490884328757
			81.9843151897248	-67.8490884328757
			82.4554894149531	-67.3779142076474
			82.9266636401814	-67.3779142076474
			83.3978378654097	-67.3779142076474
			83.869012090638	-67.3779142076474
			84.3401863158663	-66.9067399824191
			84.8113605410946	-66.9067399824191
			85.2825347663229	-66.9067399824191
			85.7537089915512	-66.9067399824191
			86.2248832167795	-66.9067399824191
			86.6960574420078	-66.9067399824191
			87.1672316672362	-66.9067399824191
			87.6384058924644	-66.9067399824191
			88.1095801176928	-66.9067399824191
			88.5807543429211	-66.9067399824191
		</condtocor>
		<condtoang type=matrix rownames=FALSE colnames=FALSE nrow=98 ncol=2 as.numeric=TRUE >
			54.1850359012549	-89.994277018606
			53.7138616760266	-89.994277018606
			53.2426874507983	-90.4654512438343
			53.2426874507983	-90.9366254690626
			53.2426874507983	-91.4077996942909
			53.2426874507983	-91.8789739195192
			53.2426874507983	-92.3501481447475
			53.2426874507983	-92.8213223699758
			53.2426874507983	-93.2924965952041
			53.7138616760266	-93.7636708204324
			53.7138616760266	-94.2348450456607
			53.7138616760266	-94.706019270889
			53.7138616760266	-95.1771934961173
			54.1850359012549	-95.1771934961173
			54.1850359012549	-95.6483677213456
			54.1850359012549	-96.1195419465739
			54.6562101264832	-96.5907161718022
			54.6562101264832	-97.0618903970305
			55.1273843517115	-97.5330646222588
			55.1273843517115	-98.0042388474871
			55.5985585769398	-98.4754130727154
			55.5985585769398	-98.9465872979437
			56.0697328021681	-99.417761523172
			56.5409070273964	-99.8889357484003
			56.5409070273964	-100.360109973629
			57.0120812526247	-100.831284198857
			57.483255477853	-101.302458424085
			57.483255477853	-101.773632649314
			57.9544297030813	-102.244806874542
			57.9544297030813	-102.71598109977
			58.4256039283096	-103.187155324998
			58.8967781535379	-103.658329550227
			58.8967781535379	-104.129503775455
			59.3679523787662	-104.600678000683
			59.8391266039945	-105.071852225912
			59.8391266039945	-105.54302645114
			60.3103008292228	-106.014200676368
			60.7814750544511	-106.485374901597
			60.7814750544511	-106.956549126825
			61.2526492796795	-107.427723352053
			61.2526492796795	-107.898897577282
			61.7238235049078	-108.37007180251
			61.7238235049078	-108.841246027738
			61.7238235049078	-109.312420252966
			62.1949977301361	-109.783594478195
			62.1949977301361	-110.254768703423
			62.1949977301361	-110.725942928651
			62.6661719553644	-111.19711715388
			62.6661719553644	-111.668291379108
			63.1373461805927	-112.139465604336
			63.1373461805927	-112.610639829565
			63.1373461805927	-113.081814054793
			63.608520405821	-113.552988280021
			63.608520405821	-114.024162505249
			64.0796946310493	-114.495336730478
			64.0796946310493	-114.966510955706
			64.5508688562776	-115.437685180934
			64.5508688562776	-115.908859406163
			65.0220430815059	-116.380033631391
			65.0220430815059	-116.851207856619
			65.0220430815059	-117.322382081848
			65.4932173067342	-117.793556307076
			65.4932173067342	-118.264730532304
			65.9643915319625	-118.264730532304
			65.9643915319625	-118.735904757532
			66.4355657571908	-119.207078982761
			66.4355657571908	-119.678253207989
			66.9067399824191	-120.149427433217
			66.9067399824191	-120.620601658446
			66.4355657571908	-120.620601658446
			65.9643915319625	-121.091775883674
			65.9643915319625	-121.562950108902
			65.4932173067342	-122.034124334131
			65.0220430815059	-122.505298559359
			64.5508688562776	-122.976472784587
			64.0796946310493	-122.976472784587
			64.0796946310493	-123.447647009816
			63.608520405821	-123.918821235044
			63.1373461805927	-123.918821235044
			62.6661719553644	-124.389995460272
			62.1949977301361	-124.8611696855
			61.7238235049078	-124.8611696855
			61.2526492796795	-125.332343910729
			60.7814750544511	-125.332343910729
			60.3103008292228	-125.803518135957
			59.8391266039945	-125.803518135957
			59.3679523787662	-126.274692361185
			58.8967781535379	-126.274692361185
			58.4256039283096	-126.745866586414
			57.9544297030813	-126.745866586414
			57.483255477853	-126.745866586414
			57.0120812526247	-127.217040811642
			56.5409070273964	-127.217040811642
			56.0697328021681	-127.217040811642
			55.5985585769398	-127.217040811642
			55.1273843517115	-127.68821503687
			54.6562101264832	-127.68821503687
			54.1850359012549	-127.68821503687
		</condtoang>
	</curves.scaled>
	<ruler.points type=matrix rownames=TRUE colnames=FALSE nrow=2 ncol=2 as.numeric=TRUE >
		Ruler point 1	292	128
		Ruler point 2	398	123
	</ruler.points>
</shapes>

