<shapes type=list>
	<ruler.pixel type=vector names=FALSE length=1 as.numeric=TRUE >44</ruler.pixel>
	<ruler.interval type=vector names=FALSE length=1 as.numeric=TRUE >50</ruler.interval>
	<scaling.units type=vector names=FALSE length=1 as.numeric=FALSE >mm</scaling.units>
	<scaling type=vector names=FALSE length=1 as.numeric=TRUE >1.13636363636364</scaling>
	<landmarks.pixel type=matrix rownames=TRUE colnames=FALSE nrow=5 ncol=2 as.numeric=TRUE >
		condyle	82	212
		angular	61	302
		coronoid	113	194
		posterior molar	173	248
		tip incisor	340	200
	</landmarks.pixel>
	<landmarks.scaled type=matrix rownames=TRUE colnames=FALSE nrow=5 ncol=2 as.numeric=TRUE >
		condyle	93.1818181818182	-240.909090909091
		angular	69.3181818181818	-343.181818181818
		coronoid	128.409090909091	-220.454545454545
		posterior molar	196.590909090909	-281.818181818182
		tip incisor	386.363636363636	-227.272727272727
	</landmarks.scaled>
	<curves.control type=list>
		<condtocor type=matrix rownames=FALSE colnames=FALSE nrow=7 ncol=2 as.numeric=TRUE >
			82	212
			89	213
			100	222
			129	239
			121	209
			116	202
			113	194
		</condtocor>
		<condtoang type=matrix rownames=FALSE colnames=FALSE nrow=7 ncol=2 as.numeric=TRUE >
			82	212
			71	213
			67	238
			82	246
			86	279
			81	299
			61	302
		</condtoang>
	</curves.control>
	<curves.pixel type=list>
		<condtocor type=matrix rownames=FALSE colnames=FALSE nrow=76 ncol=2 as.numeric=TRUE >
			82	212
			83	212
			84	212
			85	213
			86	213
			87	214
			88	214
			89	214
			90	215
			91	215
			91	216
			92	216
			93	217
			94	217
			95	218
			96	219
			97	219
			98	220
			99	221
			100	222
			101	223
			102	223
			103	224
			104	224
			105	225
			106	225
			107	226
			108	226
			109	227
			110	227
			111	227
			112	227
			112	228
			113	228
			114	228
			115	228
			116	228
			117	228
			118	228
			119	228
			120	227
			121	226
			122	225
			122	224
			122	223
			123	222
			123	221
			123	220
			123	219
			123	218
			123	217
			122	216
			122	215
			122	214
			122	213
			122	212
			121	211
			121	210
			121	209
			121	208
			120	208
			120	207
			119	206
			118	205
			118	204
			117	203
			117	202
			116	201
			116	200
			115	200
			115	199
			115	198
			114	197
			114	196
			113	195
			113	194
		</condtocor>
		<condtoang type=matrix rownames=FALSE colnames=FALSE nrow=108 ncol=2 as.numeric=TRUE >
			82	212
			81	212
			80	212
			79	213
			78	213
			77	214
			76	215
			75	215
			74	216
			74	217
			73	218
			73	219
			72	220
			72	221
			71	222
			71	223
			71	224
			70	224
			70	225
			70	226
			70	227
			69	228
			69	229
			68	230
			68	231
			68	232
			68	233
			68	234
			68	235
			67	236
			67	237
			67	238
			68	239
			69	239
			70	240
			71	241
			72	242
			73	243
			74	244
			75	245
			76	246
			76	247
			77	248
			78	249
			78	250
			79	251
			79	252
			79	253
			80	253
			80	254
			80	255
			81	256
			81	257
			82	258
			82	259
			82	260
			83	261
			83	262
			83	263
			83	264
			84	265
			84	266
			84	267
			84	268
			84	269
			85	270
			85	271
			85	272
			85	273
			85	274
			86	275
			86	276
			86	277
			86	278
			86	279
			86	280
			85	281
			85	282
			85	283
			84	284
			84	285
			83	286
			83	287
			83	288
			82	289
			81	290
			81	291
			80	292
			79	293
			78	294
			77	295
			76	296
			75	297
			74	297
			73	298
			72	299
			71	299
			70	300
			69	300
			68	300
			67	300
			67	301
			66	301
			65	301
			64	301
			63	302
			62	302
			61	302
		</condtoang>
	</curves.pixel>
	<curves.scaled type=list>
		<condtocor type=matrix rownames=FALSE colnames=FALSE nrow=76 ncol=2 as.numeric=TRUE >
			93.1818181818182	-240.909090909091
			94.3181818181818	-240.909090909091
			95.4545454545455	-240.909090909091
			96.5909090909091	-242.045454545455
			97.7272727272727	-242.045454545455
			98.8636363636364	-243.181818181818
			100	-243.181818181818
			101.136363636364	-243.181818181818
			102.272727272727	-244.318181818182
			103.409090909091	-244.318181818182
			103.409090909091	-245.454545454545
			104.545454545455	-245.454545454545
			105.681818181818	-246.590909090909
			106.818181818182	-246.590909090909
			107.954545454545	-247.727272727273
			109.090909090909	-248.863636363636
			110.227272727273	-248.863636363636
			111.363636363636	-250
			112.5	-251.136363636364
			113.636363636364	-252.272727272727
			114.772727272727	-253.409090909091
			115.909090909091	-253.409090909091
			117.045454545455	-254.545454545455
			118.181818181818	-254.545454545455
			119.318181818182	-255.681818181818
			120.454545454545	-255.681818181818
			121.590909090909	-256.818181818182
			122.727272727273	-256.818181818182
			123.863636363636	-257.954545454545
			125	-257.954545454545
			126.136363636364	-257.954545454545
			127.272727272727	-257.954545454545
			127.272727272727	-259.090909090909
			128.409090909091	-259.090909090909
			129.545454545455	-259.090909090909
			130.681818181818	-259.090909090909
			131.818181818182	-259.090909090909
			132.954545454545	-259.090909090909
			134.090909090909	-259.090909090909
			135.227272727273	-259.090909090909
			136.363636363636	-257.954545454545
			137.5	-256.818181818182
			138.636363636364	-255.681818181818
			138.636363636364	-254.545454545455
			138.636363636364	-253.409090909091
			139.772727272727	-252.272727272727
			139.772727272727	-251.136363636364
			139.772727272727	-250
			139.772727272727	-248.863636363636
			139.772727272727	-247.727272727273
			139.772727272727	-246.590909090909
			138.636363636364	-245.454545454545
			138.636363636364	-244.318181818182
			138.636363636364	-243.181818181818
			138.636363636364	-242.045454545455
			138.636363636364	-240.909090909091
			137.5	-239.772727272727
			137.5	-238.636363636364
			137.5	-237.5
			137.5	-236.363636363636
			136.363636363636	-236.363636363636
			136.363636363636	-235.227272727273
			135.227272727273	-234.090909090909
			134.090909090909	-232.954545454545
			134.090909090909	-231.818181818182
			132.954545454545	-230.681818181818
			132.954545454545	-229.545454545455
			131.818181818182	-228.409090909091
			131.818181818182	-227.272727272727
			130.681818181818	-227.272727272727
			130.681818181818	-226.136363636364
			130.681818181818	-225
			129.545454545455	-223.863636363636
			129.545454545455	-222.727272727273
			128.409090909091	-221.590909090909
			128.409090909091	-220.454545454545
		</condtocor>
		<condtoang type=matrix rownames=FALSE colnames=FALSE nrow=108 ncol=2 as.numeric=TRUE >
			93.1818181818182	-240.909090909091
			92.0454545454545	-240.909090909091
			90.9090909090909	-240.909090909091
			89.7727272727273	-242.045454545455
			88.6363636363636	-242.045454545455
			87.5	-243.181818181818
			86.3636363636364	-244.318181818182
			85.2272727272727	-244.318181818182
			84.0909090909091	-245.454545454545
			84.0909090909091	-246.590909090909
			82.9545454545455	-247.727272727273
			82.9545454545455	-248.863636363636
			81.8181818181818	-250
			81.8181818181818	-251.136363636364
			80.6818181818182	-252.272727272727
			80.6818181818182	-253.409090909091
			80.6818181818182	-254.545454545455
			79.5454545454545	-254.545454545455
			79.5454545454545	-255.681818181818
			79.5454545454545	-256.818181818182
			79.5454545454545	-257.954545454545
			78.4090909090909	-259.090909090909
			78.4090909090909	-260.227272727273
			77.2727272727273	-261.363636363636
			77.2727272727273	-262.5
			77.2727272727273	-263.636363636364
			77.2727272727273	-264.772727272727
			77.2727272727273	-265.909090909091
			77.2727272727273	-267.045454545455
			76.1363636363636	-268.181818181818
			76.1363636363636	-269.318181818182
			76.1363636363636	-270.454545454545
			77.2727272727273	-271.590909090909
			78.4090909090909	-271.590909090909
			79.5454545454545	-272.727272727273
			80.6818181818182	-273.863636363636
			81.8181818181818	-275
			82.9545454545455	-276.136363636364
			84.0909090909091	-277.272727272727
			85.2272727272727	-278.409090909091
			86.3636363636364	-279.545454545455
			86.3636363636364	-280.681818181818
			87.5	-281.818181818182
			88.6363636363636	-282.954545454545
			88.6363636363636	-284.090909090909
			89.7727272727273	-285.227272727273
			89.7727272727273	-286.363636363636
			89.7727272727273	-287.5
			90.9090909090909	-287.5
			90.9090909090909	-288.636363636364
			90.9090909090909	-289.772727272727
			92.0454545454545	-290.909090909091
			92.0454545454545	-292.045454545455
			93.1818181818182	-293.181818181818
			93.1818181818182	-294.318181818182
			93.1818181818182	-295.454545454545
			94.3181818181818	-296.590909090909
			94.3181818181818	-297.727272727273
			94.3181818181818	-298.863636363636
			94.3181818181818	-300
			95.4545454545455	-301.136363636364
			95.4545454545455	-302.272727272727
			95.4545454545455	-303.409090909091
			95.4545454545455	-304.545454545455
			95.4545454545455	-305.681818181818
			96.5909090909091	-306.818181818182
			96.5909090909091	-307.954545454545
			96.5909090909091	-309.090909090909
			96.5909090909091	-310.227272727273
			96.5909090909091	-311.363636363636
			97.7272727272727	-312.5
			97.7272727272727	-313.636363636364
			97.7272727272727	-314.772727272727
			97.7272727272727	-315.909090909091
			97.7272727272727	-317.045454545455
			97.7272727272727	-318.181818181818
			96.5909090909091	-319.318181818182
			96.5909090909091	-320.454545454545
			96.5909090909091	-321.590909090909
			95.4545454545455	-322.727272727273
			95.4545454545455	-323.863636363636
			94.3181818181818	-325
			94.3181818181818	-326.136363636364
			94.3181818181818	-327.272727272727
			93.1818181818182	-328.409090909091
			92.0454545454545	-329.545454545455
			92.0454545454545	-330.681818181818
			90.9090909090909	-331.818181818182
			89.7727272727273	-332.954545454545
			88.6363636363636	-334.090909090909
			87.5	-335.227272727273
			86.3636363636364	-336.363636363636
			85.2272727272727	-337.5
			84.0909090909091	-337.5
			82.9545454545455	-338.636363636364
			81.8181818181818	-339.772727272727
			80.6818181818182	-339.772727272727
			79.5454545454545	-340.909090909091
			78.4090909090909	-340.909090909091
			77.2727272727273	-340.909090909091
			76.1363636363636	-340.909090909091
			76.1363636363636	-342.045454545455
			75	-342.045454545455
			73.8636363636364	-342.045454545455
			72.7272727272727	-342.045454545455
			71.5909090909091	-343.181818181818
			70.4545454545455	-343.181818181818
			69.3181818181818	-343.181818181818
		</condtoang>
	</curves.scaled>
	<ruler.points type=matrix rownames=TRUE colnames=FALSE nrow=2 ncol=2 as.numeric=TRUE >
		Ruler point 1	378	273
		Ruler point 2	422	273
	</ruler.points>
</shapes>

